230
229
231
232
233
234
242
235
239
236
237
238
240
241
246
245
1
2
3
4
5
21
6
9
7
8
12
10
11
15
13
14
16
18
17
19
20
24
23
22
26
47
27
30
28
29
33
31
32
36
34
35
39
37
38
40
42
41
43
45
44
46
50
49
48
68
79
69
70
71
72
73
74
75
76
78
77
82
81
80
84
85
101
86
87
88
89
97
90
91
92
93
95
94
96
99
98
100
104
103
52
62
53
54
55
57
56
58
60
59
61
65
64
63
133
134
135
136
137
153
138
141
139
140
144
142
143
147
145
146
148
150
149
151
152
154
156
175
157
160
158
159
163
161
162
166
164
165
169
167
168
170
172
171
173
174
178
177
176
195
206
196
197
198
199
200
201
202
203
205
204
209
208
207
211
212
213
214
215
216
224
217
218
219
220
222
221
223
226
225
227
180
190
181
182
183
185
184
186
188
187
189
193
192
191
106
107
127
108
109
110
111
123
112
113
114
115
116
117
118
119
121
120
122
125
124
126
130
129
